Time1=100ms:Average1=5:Objective=10X:Aperture=1: (11/21/2018 10:59:07 AM)
11/21/2018 10:59:07 AM
Reflectance
10X
Ap#: 1
Avg1: 5.000000
Avg2: 0.000000
Int.Time1:100.000000
Int.Time2:0.000000
350.16613620,70.95779534
350.60193709,70.49571969
351.03772818,70.13726487
351.47350942,69.92823209
351.90928082,69.97664737
352.34504234,69.79379339
352.78079397,69.83023113
353.21653569,69.19857070
353.65226748,69.21739131
354.08798932,69.06099929
354.52370120,69.58562972
354.95940309,70.04988293
355.39509497,70.67292965
355.83077683,70.74712058
356.26644864,70.81163859
356.70211039,70.17330495
357.13776206,70.36358082
357.57340363,70.07276827
358.00903508,69.96006963
358.44465639,69.86442071
358.88026755,70.36008230
359.31586852,70.22153530
359.75145930,69.93940639
360.18703986,69.90731204
360.62261019,69.40059837
361.05817026,69.42583239
361.49372007,70.14971605
361.92925958,70.05579665
362.36478878,69.56611145
362.80030765,69.09408382
363.23581617,69.06993511
363.67131432,69.22840140
364.10680209,69.12021353
364.54227945,69.57056472
364.97774638,69.77727366
365.41320287,70.05375233
365.84864890,69.40398719
366.28408445,69.08103678
366.71950949,69.34987695
367.15492401,69.43217990
367.59032800,69.29061316
368.02572142,69.17485668
368.46110427,68.91212960
368.89647652,68.43129224
369.33183815,68.46846847
369.76718915,67.73506441
370.20252950,68.09966303
370.63785917,67.43833401
371.07317815,67.83145953
371.50848642,68.16061650
371.94378395,67.74946705
372.37907074,67.25466343
372.81434676,67.80229839
373.24961199,68.13555872
373.68486642,68.06383194
374.12011002,68.21815239
374.55534277,67.83004553
374.99056467,67.82442364
375.42577567,67.80002012
375.86097578,68.08746473
376.29616497,67.81146138
376.73134321,67.98276380
377.16651050,67.43718593
377.60166680,67.65088579
378.03681211,67.21821099
378.47194641,67.14956539
378.90706966,66.73978066
379.34218187,67.16759554
379.77728300,67.40969250
380.21237303,67.10356469
380.64745196,66.54469937
381.08251975,66.07072304
381.51757640,65.88084435
381.95262187,65.74294795
382.38765616,66.15783698
382.82267924,66.08192964
383.25769109,66.61995796
383.69269170,66.50059785
384.12768105,67.00030027
384.56265911,66.76599125
384.99762586,66.88813962
385.43258130,66.86711357
385.86752540,66.82082063
386.30245813,66.90823621
386.73737949,66.60462383
387.17228945,66.29477393
387.60718799,66.04506604
388.04207509,66.32295719
388.47695074,66.27737227
388.91181492,66.10581598
389.34666760,66.08585613
389.78150877,66.54616512
390.21633841,66.54602367
390.65115650,66.68293636
391.08596302,66.87916830
391.52075795,66.87218634
391.95554127,67.43798411
392.39031297,67.22443817
392.82507302,66.98443580
393.25982140,66.62100010
393.69455810,66.97482297
394.12928310,67.33796070
394.56399638,68.05419203
394.99869791,68.28185137
395.43338769,68.30392157
395.86806568,67.80948671
396.30273188,67.87630475
396.73738625,67.56835653
397.17202880,67.83461128
397.60665948,67.65673375
398.04127829,67.13886480
398.47588521,67.15803580
398.91048022,67.22913389
399.34506329,66.76113551
399.77963441,65.90536809
400.21419356,65.20918673
400.64874072,64.23158946
401.08327588,63.42113445
401.51779900,62.44882127
401.95231008,60.67171358
402.38680910,59.15276824
402.82129603,56.92599621
403.25577086,54.90921193
403.69023356,53.05132980
404.12468412,50.81983504
404.55912252,48.38840021
404.99354874,46.43388466
405.42796276,43.94628605
405.86236457,42.00472477
406.29675414,40.17795868
406.73113145,38.52219562
407.16549648,36.72646562
407.59984922,35.10145421
408.03418965,33.71054617
408.46851774,32.29009491
408.90283349,31.05225978
409.33713686,30.02158925
409.77142784,28.99435057
410.20570642,27.90781289
410.63997256,26.97059839
411.07422626,26.10573081
411.50846749,25.48728258
411.94269624,24.77412311
412.37691248,24.17834351
412.81111621,23.76244001
413.24530738,23.31275314
413.67948600,22.97783834
414.11365204,22.68687499
414.54780547,22.40358560
414.98194629,22.14195215
415.41607447,21.91915454
415.85018999,21.72889744
416.28429284,21.63892848
416.71838299,21.49726513
417.15246043,21.28253859
417.58652514,21.20128643
418.02057709,21.13314849
418.45461627,21.02241709
418.88864266,20.97770394
419.32265625,20.89543947
419.75665700,20.80553875
420.19064491,20.79164693
420.62461995,20.76851521
421.05858210,20.74897593
421.49253135,20.71672447
421.92646768,20.68636921
422.36039106,20.68921749
422.79430148,20.65915305
423.22819892,20.65443130
423.66208336,20.69067314
424.09595478,20.73642402
424.52981316,20.79762559
424.96365849,20.86264675
425.39749074,20.91217117
425.83130989,20.97985934
426.26511593,21.03519799
426.69890883,21.10474980
427.13268858,21.12293013
427.56645516,21.17371124
428.00020855,21.19554657
428.43394873,21.23574281
428.86767568,21.31611542
429.30138939,21.37412376
429.73508982,21.39246586
430.16877697,21.42532194
430.60245081,21.49643337
431.03611133,21.53699197
431.46975851,21.57983496
431.90339232,21.64889735
432.33701276,21.68309766
432.77061979,21.72719586
433.20421340,21.78283562
433.63779357,21.83577831
434.07136029,21.90538852
434.50491352,21.95478656
434.93845327,22.01846088
435.37197949,22.10814511
435.80549219,22.17067778
436.23899132,22.25161985
436.67247689,22.31798311
437.10594887,22.38351352
437.53940723,22.41864461
437.97285197,22.45194603
438.40628306,22.46790026
438.83970048,22.49843124
439.27310421,22.51751491
439.70649424,22.52328051
440.13987054,22.54808652
440.57323310,22.60154678
441.00658189,22.62796779
441.43991690,22.65628519
441.87323811,22.66250957
442.30654551,22.67961982
442.73983906,22.68988978
443.17311875,22.71377156
443.60638457,22.74042471
444.03963649,22.74621386
444.47287449,22.75586418
444.90609856,22.76814945
445.33930868,22.78378038
445.77250482,22.80813143
446.20568697,22.82771504
446.63885511,22.84077307
447.07200922,22.83276009
447.50514928,22.81416339
447.93827527,22.80903238
448.37138718,22.78696530
448.80448497,22.75813460
449.23756865,22.72211187
449.67063818,22.66297718
450.10369354,22.60913848
450.53673472,22.55867719
450.96976170,22.51977138
451.40277446,22.46689127
451.83577298,22.40556954
452.26875725,22.36541673
452.70172723,22.32208673
453.13468291,22.27434131
453.56762428,22.22338200
454.00055132,22.18622441
454.43346400,22.15024290
454.86636230,22.09121755
455.29924622,22.05034463
455.73211572,21.97394884
456.16497079,21.91708339
456.59781142,21.84847633
457.03063757,21.77800409
457.46344923,21.71560386
457.89624639,21.64648267
458.32902903,21.56146739
458.76179711,21.46267048
459.19455064,21.36767965
459.62728958,21.26124331
460.06001392,21.15443769
460.49272363,21.03622290
460.92541871,20.91433937
461.35809913,20.79139772
461.79076486,20.66428763
462.22341591,20.53932820
462.65605223,20.42219877
463.08867382,20.32757452
463.52128065,20.21084823
463.95387271,20.09382050
464.38644998,19.96296034
464.81901243,19.87330764
465.25156005,19.78528645
465.68409283,19.67464128
466.11661073,19.57251405
466.54911374,19.47443005
466.98160185,19.38147115
467.41407503,19.27855129
467.84653327,19.15954696
468.27897654,19.06979536
468.71140483,18.96064481
469.14381811,18.86308573
469.57621637,18.73970268
470.00859960,18.62979529
470.44096776,18.49749536
470.87332084,18.37769756
471.30565882,18.26074427
471.73798169,18.14944215
472.17028942,18.03468861
472.60258200,17.92269431
473.03485940,17.81670943
473.46712160,17.73148115
473.89936860,17.66625518
474.33160036,17.60426005
474.76381687,17.55121355
475.19601811,17.50054609
475.62820407,17.45329036
476.06037471,17.39666126
476.49253003,17.34335981
476.92467000,17.30763836
477.35679461,17.28872820
477.78890383,17.28409815
478.22099765,17.26146782
478.65307605,17.25638204
479.08513900,17.27717227
479.51718650,17.30293795
479.94921851,17.32110345
480.38123503,17.34295849
480.81323602,17.35914072
481.24522149,17.40202889
481.67719139,17.43358081
482.10914572,17.47680846
482.54108446,17.51894687
482.97300758,17.57953342
483.40491507,17.65336118
483.83680691,17.75137133
484.26868308,17.83625799
484.70054356,17.93886987
485.13238833,18.06342545
485.56421738,18.20309325
485.99603067,18.34507960
486.42782820,18.49862598
486.85960995,18.65162184
487.29137589,18.79693129
487.72312601,18.95725585
488.15486029,19.13228716
488.58657870,19.31242476
489.01828124,19.50597160
489.44996788,19.71448023
489.88163860,19.93610427
490.31329338,20.15335585
490.74493220,20.37296189
491.17655505,20.59324469
491.60816190,20.81848322
492.03975274,21.04333937
492.47132755,21.25181821
492.90288631,21.45761265
493.33442899,21.67999307
493.76595559,21.89407943
494.19746607,22.12089463
494.62896043,22.33255420
495.06043864,22.55635212
495.49190069,22.77972639
495.92334655,23.02378373
496.35477620,23.26924382
496.78618963,23.53057988
497.21758682,23.79373246
497.64896774,24.08021341
498.08033239,24.36922274
498.51168074,24.67126312
498.94301276,24.97911202
499.37432845,25.32189143
499.80562778,25.67949298
500.23691074,26.05266919
500.66817730,26.44304800
501.09942745,26.84765751
501.53066116,27.25004167
501.96187842,27.67086972
502.39307921,28.08061995
502.82426351,28.50203998
503.25543130,28.90227763
503.68658256,29.31131921
504.11771727,29.71361014
504.54883542,30.12234278
504.97993698,30.52300730
505.41102193,30.91074733
505.84209026,31.30146369
506.27314195,31.70400233
506.70417698,32.11181993
507.13519532,32.52509080
507.56619696,32.93816838
507.99718189,33.37577943
508.42815007,33.80015140
508.85910150,34.23089080
509.29003615,34.66908346
509.72095401,35.13434681
510.15185505,35.57750510
510.58273926,36.03499197
511.01360661,36.49025070
511.44445709,36.95730487
511.87529069,37.41949639
512.30610737,37.89617386
512.73690712,38.36016107
513.16768992,38.83835094
513.59845576,39.32395108
514.02920461,39.81235735
514.45993645,40.30814553
514.89065127,40.81902873
515.32134905,41.31662361
515.75202976,41.82678897
516.18269339,42.33544198
516.61333992,42.87716859
517.04396933,43.41491071
517.47458160,43.95300235
517.90517671,44.48837740
518.33575465,45.01552812
518.76631539,45.56838758
519.19685891,46.12504380
519.62738520,46.66419235
520.05789424,47.18597958
520.48838600,47.69811249
520.91886048,48.21279149
521.34931764,48.71722169
521.77975747,49.23688511
522.21017995,49.76770776
522.64058507,50.27934017
523.07097279,50.77099712
523.50134312,51.26934024
523.93169601,51.76133238
524.36203147,52.24999798
524.79234945,52.72939447
525.22264996,53.21238194
525.65293297,53.68178918
526.08319845,54.14469671
526.51344640,54.59639066
526.94367678,55.03186074
527.37388959,55.48486490
527.80408480,55.91851683
528.23426240,56.32310506
528.66442236,56.76696668
529.09456467,57.19178746
529.52468930,57.63191420
529.95479624,58.03329220
530.38488547,58.43915729
530.81495697,58.85146816
531.24501072,59.26855469
531.67504671,59.69333819
532.10506490,60.10853427
532.53506529,60.52701539
532.96504785,60.95255670
533.39501257,61.36708564
533.82495942,61.78881602
534.25488839,62.21572665
534.68479946,62.63266921
535.11469261,63.03910676
535.54456782,63.42027924
535.97442507,63.80960369
536.40426434,64.18161389
536.83408561,64.54642142
537.26388887,64.90583593
537.69367409,65.24420054
538.12344125,65.58486630
538.55319035,65.89572984
538.98292135,66.20607194
539.41263423,66.51025684
539.84232899,66.81910957
540.27200560,67.11580164
540.70166404,67.38330033
541.13130429,67.64864595
541.56092633,67.92405470
541.99053015,68.17349068
542.42011572,68.43507783
542.84968303,68.66477927
543.27923205,68.91713856
543.70876277,69.16410403
544.13827517,69.41412240
544.56776923,69.63854713
544.99724493,69.87865946
545.42670225,70.10672473
545.85614117,70.33551886
546.28556168,70.56831257
546.71496375,70.79600170
547.14434736,71.03472020
547.57371250,71.27925691
548.00305915,71.50844878
548.43238728,71.75812237
548.86169688,72.02370317
549.29098794,72.28282251
549.72026042,72.54977995
550.14951431,72.81142681
550.57874960,73.06517443
551.00796626,73.31089423
551.43716427,73.55359020
551.86634362,73.79291724
552.29550429,74.01321528
552.72464625,74.25361878
553.15376949,74.47968477
553.58287399,74.69275111
554.01195973,74.88863401
554.44102669,75.08146421
554.87007485,75.26294639
555.29910419,75.43421942
555.72811470,75.56564438
556.15710635,75.70363797
556.58607912,75.81638686
557.01503300,75.92571292
557.44396797,76.00612515
557.87288401,76.09247996
558.30178110,76.17129314
558.73065921,76.26808192
559.15951834,76.34070325
559.58835846,76.42602264
560.01717955,76.51723313
560.44598160,76.59451665
560.87476458,76.66775854
561.30352847,76.77134180
561.73227326,76.88321123
562.16099893,76.98199711
562.58970546,77.09699110
563.01839282,77.20098922
563.44706101,77.32243075
563.87571000,77.43959416
564.30433977,77.58830899
564.73295030,77.73326138
565.16154157,77.88701398
565.59011358,78.04540402
566.01866628,78.19134689
566.44719967,78.32773478
566.87571373,78.46764864
567.30420844,78.61660217
567.73268378,78.75782021
568.16113973,78.89310014
568.58957627,79.02895998
569.01799338,79.16807781
569.44639105,79.29661964
569.87476924,79.41985707
570.30312796,79.51686637
570.73146717,79.61304338
571.15978685,79.69679997
571.58808700,79.75792811
572.01636758,79.79788077
572.44462858,79.83622176
572.87286998,79.84360373
573.30109177,79.84939841
573.72929391,79.84277982
574.15747640,79.82293537
574.58563922,79.78064867
575.01378234,79.71815904
575.44190574,79.65497082
575.87000941,79.57620067
576.29809333,79.50200243
576.72615748,79.41875058
577.15420184,79.34839458
577.58222639,79.27951528
578.01023111,79.19682517
578.43821598,79.12006281
578.86618099,79.05027108
579.29412611,78.99373724
579.72205133,78.94769947
580.14995662,78.92208233
580.57784197,78.91278778
581.00570736,78.91804539
581.43355276,78.93185415
581.86137817,78.94483569
582.28918356,78.96580987
582.71696890,79.00041563
583.14473420,79.03717995
583.57247941,79.09420049
584.00020453,79.16596529
584.42790954,79.23460443
584.85559441,79.31360274
585.28325913,79.37086628
585.71090368,79.43729955
586.13852803,79.49416725
586.56613218,79.54910497
586.99371610,79.59207306
587.42127977,79.63238568
587.84882317,79.66785561
588.27634629,79.69288559
588.70384910,79.68769872
589.13133159,79.67274755
589.55879373,79.65651126
589.98623551,79.60316875
590.41365691,79.53623156
590.84105791,79.43554055
591.26843849,79.32969749
591.69579863,79.20657810
592.12313831,79.06553936
592.55045752,78.91496939
592.97775623,78.74672426
593.40503442,78.56023276
593.83229208,78.36666940
594.25952919,78.15280323
594.68674573,77.91971483
595.11394167,77.69963361
595.54111700,77.47506974
595.96827171,77.23789403
596.39540576,77.00385396
596.82251915,76.77807019
597.24961185,76.54320184
597.67668385,76.31467902
598.10373512,76.08353559
598.53076564,75.87464793
598.95777541,75.67542005
599.38476439,75.48208063
599.81173257,75.28784243
600.23867993,75.12323668
600.66560645,74.94453181
601.09251211,74.78453633
601.51939690,74.63039683
601.94626078,74.48846792
602.37310376,74.35002331
602.79992580,74.19902809
603.22672688,74.07912879
603.65350699,73.95837319
604.08026611,73.84663843
604.50700422,73.72583836
604.93372130,73.60869017
605.36041733,73.49288119
605.78709229,73.36773152
606.21374616,73.23554251
606.64037893,73.10250741
607.06699057,72.94051647
607.49358107,72.78971683
607.92015040,72.62479532
608.34669856,72.44047460
608.77322551,72.24934232
609.19973124,72.04438180
609.62621572,71.83289681
610.05267896,71.58339048
610.47912091,71.32086300
610.90554156,71.04887832
611.33194090,70.77079436
611.75831891,70.47023235
612.18467556,70.14266231
612.61101083,69.81453511
613.03732472,69.46977086
613.46361719,69.09347361
613.88988823,68.71573607
614.31613782,68.30909009
614.74236595,67.89080175
615.16857258,67.46142570
615.59475771,67.01167318
616.02092131,66.57027608
616.44706337,66.10302970
616.87318386,65.62298748
617.29928278,65.13860359
617.72536008,64.67497902
618.15141577,64.20945006
618.57744982,63.72678414
619.00346220,63.24269916
619.42945291,62.76938755
619.85542192,62.28942129
620.28136922,61.82690265
620.70729478,61.34687420
621.13319858,60.88524280
621.55908061,60.41948454
621.98494085,59.95776423
622.41077927,59.49052031
622.83659587,59.02143459
623.26239061,58.56846835
623.68816348,58.10521972
624.11391447,57.64444034
624.53964355,57.17523135
624.96535070,56.69836601
625.39103591,56.22067176
625.81669915,55.72587406
626.24234041,55.23226282
626.66795966,54.72536640
627.09355689,54.20402576
627.51913209,53.68321048
627.94468522,53.14107975
628.37021627,52.59282707
628.79572523,52.04205311
629.22121207,51.46491395
629.64667677,50.88590470
630.07211931,50.30495693
630.49753969,49.70378077
630.92293786,49.08568473
631.34831383,48.45176415
631.77366756,47.82318104
632.19899905,47.18078688
632.62430826,46.53867028
633.04959519,45.89016173
633.47485980,45.23679791
633.90010209,44.57963726
634.32532203,43.92399571
634.75051961,43.27591034
635.17569481,42.62428799
635.60084760,41.98038355
636.02597797,41.33799239
636.45108589,40.69021294
636.87617136,40.05746594
637.30123435,39.41903339
637.72627483,38.78641656
638.15129281,38.16206890
638.57628824,37.54029337
639.00126112,36.92940700
639.42621142,36.31173510
639.85113913,35.69394504
640.27604422,35.08516990
640.70092669,34.47529724
641.12578650,33.87038656
641.55062364,33.27689108
641.97543809,32.67850240
642.40022983,32.09984794
642.82499885,31.51811681
643.24974512,30.94256010
643.67446862,30.38300369
644.09916934,29.83182124
644.52384726,29.30217559
644.94850235,28.78758219
645.37313460,28.28575272
645.79774399,27.79841075
646.22233050,27.34190131
646.64689411,26.89883342
647.07143480,26.48437590
647.49595255,26.09006727
647.92044735,25.70523924
648.34491917,25.34431964
648.76936800,25.00305586
649.19379381,24.68233317
649.61819659,24.38963969
650.04257632,24.10996211
650.46693298,23.85190122
650.89126655,23.61118434
651.31557701,23.39178088
651.73986434,23.18564242
652.16412852,22.99781087
652.58836954,22.82985452
653.01258737,22.68788674
653.43678200,22.56145352
653.86095340,22.46083178
654.28510156,22.38026660
654.70922646,22.32090262
655.13332808,22.29510049
655.55740640,22.28308651
655.98146140,22.30621799
656.40549307,22.35328889
656.82950137,22.42946982
657.25348630,22.52722826
657.67744784,22.64636522
658.10138596,22.79034196
658.52530064,22.97100199
658.94919188,23.16719148
659.37305964,23.38281455
659.79690391,23.62730493
660.22072468,23.89325061
660.64452191,24.16979474
661.06829560,24.48069122
661.49204572,24.81211672
661.91577225,25.16256743
662.33947518,25.53754874
662.76315449,25.93173731
663.18681015,26.34745243
663.61044215,26.77915109
664.03405047,27.23052217
664.45763509,27.70263357
664.88119598,28.20108027
665.30473314,28.71370154
665.72824655,29.24519379
666.15173617,29.78578290
666.57520200,30.33915649
666.99864402,30.90492511
667.42206220,31.48408172
667.84545653,32.06724936
668.26882699,32.65265867
668.69217355,33.25069810
669.11549621,33.85105108
669.53879494,34.45561978
669.96206971,35.05857264
670.38532052,35.66772964
670.80854735,36.26969550
671.23175017,36.87009666
671.65492896,37.45248887
672.07808371,38.02966462
672.50121440,38.60103958
672.92432101,39.16057263
673.34740351,39.70668831
673.77046190,40.24698739
674.19349615,40.76893842
674.61650623,41.27610423
675.03949215,41.76903289
675.46245386,42.24108058
675.88539136,42.68441610
676.30830463,43.10844774
676.73119364,43.53125896
677.15405838,43.92594476
677.57689882,44.28786846
677.99971496,44.63456163
678.42250677,44.97378635
678.84527423,45.28484712
679.26801732,45.58374305
679.69073602,45.88206149
680.11343032,46.16272634
680.53610019,46.43589591
680.95874562,46.70302368
681.38136658,46.96739989
681.80396307,47.21281829
682.22653505,47.46244252
682.64908251,47.71842659
683.07160543,47.98584229
683.49410379,48.25131562
683.91657758,48.51995410
684.33902677,48.79532414
684.76145134,49.08115821
685.18385128,49.37942977
685.60622656,49.68452849
686.02857717,49.99495625
686.45090309,50.31841530
686.87320430,50.66672875
687.29548077,51.01547462
687.71773250,51.38413499
688.13995946,51.75933048
688.56216163,52.13992726
688.98433899,52.54715880
689.40649153,52.96569908
689.82861923,53.38989255
690.25072206,53.83023319
690.67280001,54.30101805
691.09485305,54.77446049
691.51688118,55.24792381
691.93888436,55.73787131
692.36086259,56.23743739
692.78281583,56.74008144
693.20474408,57.25114801
693.62664732,57.76730070
694.04852552,58.28275073
694.47037866,58.79620162
694.89220673,59.32381434
695.31400971,59.85878798
695.73578757,60.38232393
696.15754031,60.90021422
696.57926789,61.42012678
697.00097031,61.94313522
697.42264753,62.46480912
697.84429955,62.97486541
698.26592635,63.48543189
698.68752790,63.98662460
699.10910418,64.48549432
699.53065518,64.97917761
699.95218088,65.45644810
700.37368126,65.92881961
700.79515630,66.38272701
701.21660597,66.84133660
701.63803027,67.29120561
702.05942917,67.72375898
702.48080265,68.15244885
702.90215070,68.55350276
703.32347329,68.95859341
703.74477041,69.33608890
704.16604204,69.71018577
704.58728815,70.07122408
705.00850873,70.43166925
705.42970376,70.78017368
705.85087322,71.11685566
706.27201710,71.44217149
706.69313536,71.75823718
707.11422800,72.08392320
707.53529499,72.40826293
707.95633632,72.72636908
708.37735196,73.02128731
708.79834190,73.32971069
709.21930612,73.63413537
709.64024460,73.94112492
710.06115731,74.24616599
710.48204425,74.54891031
710.90290539,74.87035790
711.32374071,75.19479406
711.74455020,75.53536473
712.16533383,75.89777809
712.58609158,76.26341717
713.00682344,76.63645510
713.42752939,77.02195882
713.84820941,77.42262119
714.26886347,77.82676796
714.68949157,78.26287474
715.11009368,78.72061853
715.53066977,79.19409373
715.95121984,79.68782026
716.37174387,80.18153946
716.79224183,80.70360752
717.21271370,81.24201822
717.63315947,81.80141074
718.05357912,82.38648243
718.47397263,82.98524319
718.89433997,83.59641423
719.31468114,84.23056362
719.73499610,84.87713335
720.15528485,85.52752010
720.57554736,86.17992537
720.99578362,86.84455414
721.41599360,87.52085279
721.83617729,88.19446870
722.25633466,88.87319018
722.67646570,89.54937440
723.09657039,90.22075568
723.51664871,90.88235853
723.93670063,91.51359663
724.35672615,92.12072899
724.77672524,92.70624023
725.19669789,93.25993928
725.61664407,93.80378281
726.03656376,94.32437018
726.45645695,94.82146040
726.87632362,95.29147457
727.29616374,95.73503143
727.71597730,96.14064473
728.13576429,96.51186808
728.55552467,96.85881409
728.97525843,97.18014616
729.39496556,97.48428182
729.81464603,97.76087239
730.23429983,97.98931669
730.65392692,98.21140694
731.07352731,98.39272833
731.49310096,98.55899158
731.91264786,98.71178903
732.33216799,98.84135329
732.75166133,98.94920599
733.17112786,99.04959198
733.59056756,99.13484987
734.00998042,99.21224166
734.42936640,99.27042889
734.84872550,99.32680466
735.26805770,99.35716908
735.68736298,99.37799261
736.10664131,99.40064049
736.52589267,99.41294001
736.94511706,99.42300314
737.36431445,99.43687469
737.78348482,99.45225077
738.20262815,99.46405699
738.62174442,99.48132271
739.04083362,99.50096254
739.45989572,99.52603436
739.87893071,99.55189601
740.29793856,99.59209105
740.71691926,99.65223331
741.13587279,99.70917301
741.55479913,99.77540369
741.97369826,99.86056238
742.39257016,99.95239968
742.81141481,100.07338947
743.23023219,100.22109258
743.64902229,100.37029420
744.06778508,100.51930939
744.48652055,100.68149899
744.90522868,100.85443488
745.32390944,101.03353111
745.74256282,101.22928552
746.16118880,101.41999119
746.57978736,101.62192654
746.99835849,101.82309314
747.41690215,102.03967948
747.83541834,102.24328369
748.25390703,102.46946796
748.67236821,102.69979302
749.09080185,102.91413698
749.50920794,103.13423690
749.92758646,103.36626362
750.34593739,103.57882009
750.76426070,103.79430307
751.18255639,103.99385459
751.60082443,104.18670900
752.01906480,104.36373419
752.43727748,104.53982539
752.85546246,104.72632166
753.27361971,104.88921307
753.69174922,105.02039624
754.10985097,105.15694369
754.52792493,105.27936520
754.94597109,105.38009607
755.36398944,105.47394053
755.78197994,105.53152604
756.19994258,105.56595013
756.61787735,105.56939693
757.03578422,105.58924059
757.45366318,105.59586979
757.87151420,105.54035057
758.28933727,105.47436400
758.70713236,105.36947708
759.12489946,105.24155040
759.54263856,105.10444451
759.96034962,104.94723649
760.37803263,104.75937437
760.79568758,104.54463528
761.21331443,104.31845857
761.63091318,104.06994903
762.04848381,103.82037556
762.46602629,103.53424246
762.88354061,103.23467410
763.30102674,102.92819162
763.71848468,102.60257466
764.13591439,102.28987464
764.55331586,101.95577434
764.97068908,101.63976161
765.38803401,101.31338403
765.80535065,100.97482119
766.22263898,100.65334348
766.63989896,100.32794307
767.05713060,100.00928943
767.47433386,99.68134443
767.89150873,99.37168588
768.30865518,99.08847706
768.72577321,98.79718315
769.14286278,98.54299350
769.55992389,98.30690128
769.97695651,98.07113717
770.39396062,97.84947752
770.81093621,97.66668069
771.22788325,97.50073210
771.64480173,97.36032989
772.06169163,97.24736675
772.47855292,97.16640551
772.89538559,97.06985284
773.31218962,96.99395165
773.72896499,96.96009113
774.14571169,96.93133374
774.56242968,96.93428068
774.97911896,96.93664019
775.39577950,96.97310967
775.81241129,97.02477913
776.22901431,97.10001855
776.64558853,97.20684656
777.06213394,97.32281072
777.47865052,97.47228339
777.89513825,97.62670319
778.31159710,97.78532520
778.72802708,97.96248295
779.14442814,98.16742738
779.56080028,98.40027784
779.97714347,98.63272492
780.39345769,98.87757385
780.80974294,99.13266530
781.22599918,99.38676600
781.64222640,99.67022360
782.05842457,99.91121895
782.47459369,100.17078085
782.89073373,100.41179704
783.30684467,100.63562394
783.72292649,100.86138057
784.13897918,101.06057007
784.55500271,101.25601021
784.97099707,101.42696043
785.38696224,101.56907414
785.80289819,101.71403403
786.21880491,101.84572181
786.63468238,101.95742626
787.05053057,102.04572135
787.46634949,102.09554138
787.88213909,102.13428697
788.29789936,102.15969262
788.71363029,102.16761726
789.12933186,102.15425230
789.54500404,102.10671735
789.96064681,102.04464148
790.37626017,101.94487621
790.79184408,101.82369302
791.20739853,101.68083146
791.62292351,101.51987937
792.03841898,101.32300381
792.45388494,101.12192396
792.86932136,100.90961823
793.28472822,100.67320559
793.70010551,100.44050200
794.11545321,100.16065107
794.53077129,99.86177067
794.94605974,99.59794906
795.36131853,99.31101102
795.77654766,99.03086340
796.19174710,98.74387225
796.60691683,98.44214641
797.02205683,98.15367803
797.43716709,97.86120401
797.85224758,97.58010014
798.26729829,97.28486875
798.68231919,96.98138975
799.09731027,96.69324804
799.51227150,96.39956474
799.92720288,96.10411516
800.34210438,95.82521398
800.75697597,95.56299237
801.17181765,95.31378932
801.58662939,95.07246824
802.00141118,94.85253120
802.41616299,94.65343689
802.83088480,94.47318153
803.24557660,94.29879622
803.66023837,94.14489768
804.07487008,94.04816765
804.48947173,93.97553058
804.90404329,93.90778751
805.31858473,93.84489228
805.73309605,93.78396249
806.14757722,93.78056577
806.56202823,93.76137987
806.97644905,93.78516363
807.39083966,93.81665713
807.80520005,93.83662647
808.21953020,93.86380646
808.63383009,93.90757074
809.04809970,93.95692737
809.46233901,94.02467372
809.87654799,94.08739085
810.29072665,94.13515718
810.70487494,94.18859547
811.11899286,94.21634492
811.53308038,94.28198355
811.94713749,94.34390308
812.36116416,94.40239951
812.77516039,94.46283632
813.18912614,94.51289790
813.60306140,94.54959750
814.01696615,94.56523116
814.43084037,94.56624833
814.84468405,94.56635209
815.25849716,94.54703004
815.67227968,94.50247480
816.08603160,94.46203946
816.49975289,94.40488435
816.91344354,94.32681497
817.32710353,94.20739072
817.74073284,94.08668713
818.15433144,93.92773551
818.56789933,93.76300334
818.98143648,93.53242277
819.39494287,93.29790901
819.80841849,93.03475665
820.22186330,92.73118284
820.63527731,92.41252594
821.04866048,92.06522304
821.46201280,91.67796365
821.87533424,91.26414748
822.28862480,90.79804107
822.70188444,90.30488533
823.11511316,89.78788680
823.52831093,89.22942649
823.94147773,88.68842296
824.35461354,88.10094984
824.76771835,87.46030341
825.18079213,86.78488242
825.59383487,86.08131008
826.00684655,85.37280722
826.41982715,84.65803048
826.83277664,83.91997331
827.24569502,83.17653720
827.65858225,82.39118173
828.07143833,81.60488400
828.48426323,80.81814447
828.89705694,80.01731152
829.30981943,79.21582679
829.72255068,78.40169301
830.13525068,77.59991933
830.54791941,76.81796247
830.96055685,76.04877878
831.37316298,75.28631388
831.78573777,74.56892313
832.19828122,73.86029642
832.61079330,73.17038297
833.02327400,72.52120493
833.43572328,71.89738676
833.84814115,71.31835841
834.26052757,70.76255001
834.67288252,70.23832553
835.08520599,69.76787286
835.49749796,69.32861780
835.90975842,68.93737446
836.32198733,68.58214536
836.73418468,68.22726933
837.14635046,67.89604448
837.55848463,67.64711139
837.97058720,67.40215660
838.38265813,67.17426593
838.79469740,66.94426734
839.20670500,66.74007220
839.61868091,66.56904212
840.03062511,66.42514174
840.44253757,66.32752708
840.85441829,66.22377766
841.26626724,66.13345492
841.67808440,66.06951144
842.08986976,66.03684388
842.50162329,66.00020759
842.91334498,65.97352474
843.32503480,65.93491225
843.73669274,65.92008799
844.14831877,65.92306735
844.55991289,65.93669603
844.97147506,65.94020057
845.38300528,65.93094473
845.79450352,65.93498296
846.20596976,65.92411459
846.61740399,65.89375776
847.02880618,65.87787312
847.44017631,65.83500179
847.85151437,65.80045122
848.26282034,65.72755625
848.67409420,65.65724525
849.08533592,65.55789934
849.49654550,65.44115964
849.90772291,65.33554251
850.31886813,65.16701961
850.72998114,65.00701116
851.14106193,64.87013990
851.55211047,64.68166238
851.96312674,64.48890275
852.37411074,64.27418449
852.78506243,64.02623453
853.19598180,63.73798584
853.60686882,63.45044582
854.01772349,63.17281945
854.42854578,62.86382715
854.83933568,62.53386044
855.25009315,62.19387957
855.66081819,61.86082170
856.07151078,61.51067236
856.48217089,61.13931504
856.89279850,60.75540612
857.30339361,60.35389427
857.71395618,59.95235417
858.12448620,59.55634911
858.53498366,59.15246639
858.94544852,58.76298461
859.35588078,58.36641709
859.76628041,57.96106999
860.17664740,57.57826381
860.58698172,57.16788071
860.99728335,56.80876814
861.40755229,56.43075136
861.81778850,56.07058233
862.22799197,55.72017586
862.63816268,55.37627749
863.04830061,55.05039407
863.45840574,54.73746205
863.86847805,54.41667328
864.27851753,54.13150363
864.68852415,53.85095442
865.09849790,53.57126261
865.50843876,53.31782165
865.91834670,53.09042774
866.32822171,52.86275398
866.73806377,52.64605445
867.14787286,52.45040978
867.55764895,52.27142421
867.96739205,52.10810799
868.37710211,51.93439193
868.78677913,51.79107019
869.19642308,51.69069313
869.60603395,51.61419541
870.01561171,51.51614254
870.42515635,51.44794959
870.83466785,51.38714525
871.24414619,51.32198864
871.65359135,51.26038717
872.06300331,51.21049657
872.47238206,51.18324593
872.88172756,51.15472679
873.29103981,51.14340265
873.70031878,51.11180269
874.10956446,51.09533094
874.51877683,51.08357124
874.92795586,51.08613883
875.33710155,51.07601801
875.74621386,51.03838005
876.15529278,51.02961159
876.56433830,51.00402606
876.97335038,51.01524112
877.38232902,50.99161726
877.79127419,50.97300269
878.20018588,50.95067249
878.60906407,50.91654446
879.01790873,50.88273959
879.42671984,50.82364100
879.83549740,50.75251702
880.24424138,50.66679533
880.65295176,50.60110440
881.06162852,50.53906586
881.47027164,50.44637426
881.87888110,50.32440487
882.28745689,50.19859260
882.69599898,50.07647618
883.10450736,49.93585382
883.51298201,49.79301428
883.92142291,49.65493260
884.32983003,49.52422954
884.73820337,49.37385997
885.14654289,49.21625813
885.55484859,49.06072265
885.96312043,48.90207582
886.37135842,48.76519032
886.77956251,48.60892756
887.18773271,48.44048002
887.59586898,48.25194486
888.00397130,48.08783608
888.41203966,47.94782975
888.82007405,47.77960391
889.22807443,47.63329422
889.63604079,47.44942489
890.04397312,47.29720360
890.45187139,47.16883922
890.85973558,47.01892497
891.26756568,46.88266495
891.67536166,46.77216647
892.08312351,46.65138594
892.49085121,46.55474199
892.89854473,46.44359019
893.30620407,46.33818875
893.71382919,46.24441459
894.12142009,46.15349497
894.52897673,46.06707994
894.93649911,46.00698559
895.34398721,45.97752585
895.75144100,45.94468115
896.15886046,45.92261437
896.56624558,45.91453258
896.97359634,45.91720906
897.38091272,45.94691384
897.78819470,45.97684883
898.19544225,46.01465277
898.60265537,46.06308277
899.00983403,46.10412283
899.41697822,46.15856732
899.82408791,46.21613019
900.23116308,46.30212802
900.63820372,46.38284388
901.04520981,46.45116244
901.45218132,46.53036475
901.85911824,46.59846002
902.26602056,46.69789747
902.67288824,46.77777586
903.07972127,46.82039585
903.48651964,46.87544275
903.89328332,46.92349849
904.30001230,46.95072182
904.70670655,46.99901923
905.11336605,47.02378705
905.51999079,47.05053894
905.92658076,47.05183984
906.33313592,47.06843606
906.73965626,47.08216380
907.14614176,47.08344638
907.55259240,47.03298577
907.95900816,46.99998697
908.36538903,46.94660124
908.77173498,46.88520227
909.17804600,46.82449861
909.58432207,46.74817751
909.99056316,46.63919397
910.39676926,46.53550529
910.80294035,46.39020018
911.20907641,46.25250959
911.61517742,46.08539230
912.02124336,45.91973806
912.42727422,45.78176095
912.83326996,45.62282317
913.23923059,45.45712190
913.64515607,45.27706589
914.05104638,45.08787513
914.45690152,44.89371468
914.86272145,44.68518697
915.26850616,44.47972413
915.67425563,44.27752859
916.07996984,44.07222265
916.48564877,43.83721560
916.89129241,43.60090505
917.29690073,43.36569893
917.70247372,43.12530350
918.10801135,42.89525338
918.51351361,42.63389852
918.91898047,42.34968672
919.32441193,42.08305570
919.72980795,41.81757441
920.13516853,41.56049638
920.54049363,41.31135617
920.94578325,41.06472326
921.35103736,40.78968580
921.75625595,40.54043794
922.16143899,40.26565358
922.56658647,40.00870508
922.97169836,39.73412860
923.37677465,39.48571033
923.78181532,39.23829004
924.18682035,39.01169013
924.59178972,38.77260265
924.99672341,38.50580222
925.40162141,38.27751297
925.80648369,38.04235521
926.21131023,37.83455868
926.61610102,37.61364148
927.02085603,37.42067629
927.42557525,37.23029229
927.83025866,37.07001214
928.23490624,36.89443997
928.63951796,36.76401145
929.04409382,36.65736525
929.44863379,36.55411757
929.85313785,36.45125252
930.25760599,36.36771843
930.66203818,36.31401483
931.06643441,36.30950402
931.47079465,36.27273076
931.87511889,36.25710986
932.27940711,36.27395190
932.68365929,36.30785105
933.08787540,36.33450190
933.49205544,36.39637264
933.89619938,36.48583810
934.30030721,36.58342306
934.70437889,36.71166089
935.10841442,36.84542972
935.51241378,37.01315955
935.91637694,37.20296700
936.32030390,37.35700219
936.72419462,37.54044499
937.12804908,37.74570404
937.53186728,37.95616289
937.93564919,38.16522624
938.33939480,38.38819701
938.74310407,38.60360612
939.14677700,38.84580618
939.55041357,39.04678000
939.95401375,39.26017150
940.35757752,39.43505707
940.76110488,39.65742272
941.16459579,39.82084921
941.56805025,39.99466763
941.97146822,40.16912234
942.37484969,40.35242462
942.77819465,40.50081601
943.18150307,40.60974883
943.58477494,40.69086906
943.98801022,40.82994767
944.39120892,40.92150742
944.79437100,40.98981218
945.19749645,41.01452872
945.60058525,41.03427205
946.00363738,41.01131214
946.40665282,40.97936286
946.80963155,40.90573020
947.21257356,40.80617691
947.61547881,40.71359039
948.01834730,40.57051525
948.42117901,40.42325035
948.82397391,40.27386350
949.22673199,40.09037415
949.62945323,39.90227886
950.03213761,39.70770628
950.43478511,39.48051119
950.83739570,39.22131660
951.23996938,38.97466415
951.64250613,38.69288582
952.04500591,38.44540001
952.44746872,38.17101179
952.84989454,37.90980557
953.25228334,37.65009351
953.65463511,37.34699378
954.05694983,37.03199336
954.45922747,36.75615918
954.86146803,36.41358753
955.26367148,36.14153634
955.66583780,35.81698986
956.06796697,35.51687514
956.47005898,35.17990871
956.87211380,34.86893195
957.27413142,34.55686027
957.67611181,34.24744281
958.07805496,33.96249457
958.47996085,33.68117087
958.88182946,33.38553772
959.28366077,33.10291278
959.68545476,32.83946838
960.08721142,32.56015608
960.48893071,32.26798044
960.89061263,31.97733316
961.29225716,31.74964666
961.69386427,31.50659083
962.09543395,31.27333170
962.49696617,31.08564502
962.89846092,30.85025246
963.29991819,30.67708011
963.70133794,30.48492672
964.10272017,30.30515609
964.50406485,30.09572743
964.90537196,29.90626194
965.30664148,29.71980607
965.70787340,29.50426919
966.10906770,29.34196070
966.51022435,29.24243169
966.91134334,29.04353984
967.31242465,28.90732449
967.71346826,28.75605406
968.11447415,28.65952363
968.51544230,28.53493995
968.91637270,28.41942590
969.31726532,28.33454265
969.71812014,28.23460521
970.11893715,28.18821191
970.51971632,28.06492952
970.92045764,27.99026207
971.32116109,27.94999011
971.72182665,27.91655033
972.12245430,27.91432381
972.52304402,27.89187523
972.92359579,27.92790113
973.32410959,27.97683159
973.72458541,27.95528986
974.12502322,27.95741386
974.52542301,27.94660385
974.92578475,27.91781892
975.32610843,27.98754348
975.72639403,27.99015183
976.12664153,28.07679494
976.52685091,28.09317342
976.92702215,28.16499125
977.32715523,28.25526279
977.72725014,28.37847413
978.12730685,28.49879871
978.52732534,28.63588523
978.92730560,28.66543362
979.32724760,28.73255682
979.72715134,28.83459189
980.12701678,28.96642850
980.52684391,29.03264343
980.92663271,29.14930503
981.32638316,29.28176225
981.72609525,29.35253914
982.12576895,29.53122827
982.52540424,29.61006426
982.92500111,29.76146871
983.32455953,29.83684830
983.72407949,29.98029432
984.12356097,30.02325472
984.52300394,30.05028134
984.92240840,30.14584732
985.32177431,30.20629723
985.72110167,30.27210452
986.12039045,30.36172695
986.51964064,30.38647726
986.91885220,30.39183938
987.31802514,30.46457863
987.71715942,30.48588460
988.11625502,30.50548505
988.51531193,30.43987754
988.91433014,30.52814423
989.31330961,30.54696353
989.71225033,30.55342466
990.11115229,30.52138161
990.51001546,30.37269929
990.90883982,30.31920233
991.30762535,30.25590079
991.70637204,30.28818393
992.10507987,30.31257269
992.50374881,30.20688393
992.90237886,30.25044924
993.30096998,30.18821009
993.69952216,30.09587165
994.09803538,30.06085842
994.49650962,29.92977212
994.89494487,29.89294710
995.29334110,29.75942657
995.69169830,29.82305748
996.09001644,29.66845112
996.48829550,29.70707443
996.88653548,29.72360028
997.28473634,29.65131754
997.68289807,29.68467464
998.08102066,29.49545247
998.47910407,29.42507216
998.87714829,29.42430136
999.27515331,29.37888538
999.67311910,29.39088139
1000.07104565,29.39125465
1000.46893293,29.39918563
1000.86678093,29.43503672
1001.26458963,29.38957055
1001.66235901,29.34424687
1002.06008904,29.41233172
1002.45777972,29.32483909
1002.85543101,29.47241159
1003.25304291,29.36548834
1003.65061539,29.45082745
1004.04814844,29.30071693
1004.44564203,29.33185677
1004.84309615,29.55402958
1005.24051077,29.69886979
1005.63788588,29.77447789
1006.03522146,30.15523774
1006.43251749,30.29135968
1006.82977395,30.54121494
1007.22699082,30.87301587
1007.62416809,31.07495695
1008.02130573,31.13334260
1008.41840372,31.27024967
1008.81546205,31.24816447
1009.21248069,31.22014982
1009.60945963,31.40039244
1010.00639885,31.55628787
1010.40329832,31.88453338
1010.80015804,32.07163437
1011.19697798,32.30106526
1011.59375812,32.90636840
1011.99049844,32.96791775
1012.38719893,33.03497219
1012.78385955,33.46316345
1013.18048031,33.75683060
1013.57706117,34.55070016
1013.97360212,34.82941732
1014.37010314,35.02059154
1014.76656420,35.24901186
1015.16298530,35.66182607
1015.55936641,36.22304702
1015.95570751,36.50823353
1016.35200858,37.26499110
1016.74826960,37.36621196
1017.14449056,37.31843576
1017.54067144,37.20654494
1017.93681221,37.54266212
1018.33291286,37.20053836
1018.72897337,37.59919204
1019.12499372,37.40763546
1019.52097388,37.17225357
1019.91691385,37.51566136
1020.31281360,37.77429467
