Time1=111ms:Average1=5:Objective=10X:Aperture=2: (5/15/2019 11:05:52 AM)
5/15/2019 11:05:52 AM
Reflectance
10X
Ap#: 2
Avg1: 5.000000
Avg2: 0.000000
Int.Time1:111.000000
Int.Time2:0.000000
350.16613620,109.04836194
350.60193709,111.02369669
351.03772818,113.33527868
351.47350942,113.28140215
351.90928082,114.18719211
352.34504234,114.82359917
352.78079397,114.80640063
353.21653569,115.66276997
353.65226748,116.14153663
354.08798932,115.48418972
354.52370120,115.89738510
354.95940309,115.68975725
355.39509497,115.88084435
355.83077683,116.18314585
356.26644864,115.58991531
356.70211039,115.76510001
357.13776206,116.03271580
357.57340363,116.03671173
358.00903508,116.34719355
358.44465639,116.52404838
358.88026755,117.78523491
359.31586852,117.82754537
359.75145930,117.55162242
360.18703986,117.39858213
360.62261019,117.08567484
361.05817026,117.41141732
361.49372007,116.78946851
361.92925958,117.26647001
362.36478878,117.80146043
362.80030765,117.26943057
363.23581617,117.23833791
363.67131432,117.58553275
364.10680209,116.96715720
364.54227945,116.67636223
364.97774638,117.01756088
365.41320287,117.88253628
365.84864890,117.90826760
366.28408445,117.75591702
366.71950949,117.45044695
367.15492401,117.09327129
367.59032800,117.00766024
368.02572142,116.87620890
368.46110427,116.61206398
368.89647652,116.60896326
369.33183815,116.27660599
369.76718915,116.32967456
370.20252950,116.78348536
370.63785917,115.81812972
371.07317815,115.86088287
371.50848642,115.84205976
371.94378395,115.42961258
372.37907074,115.15529142
372.81434676,115.01631166
373.24961199,115.18063028
373.68486642,114.50578892
374.12011002,114.61038961
374.55534277,114.02270342
374.99056467,114.36098870
375.42577567,114.16810263
375.86097578,113.24339730
376.29616497,113.00456968
376.73134321,112.89311165
377.16651050,112.20483641
377.60166680,112.58315910
378.03681211,112.71687322
378.47194641,111.97028854
378.90706966,111.61534818
379.34218187,111.81550726
379.77728300,111.90453551
380.21237303,112.17167872
380.64745196,112.15148920
381.08251975,112.48927448
381.51757640,112.00076257
381.95262187,112.26694713
382.38765616,111.94457715
382.82267924,111.74506250
383.25769109,111.41283707
383.69269170,110.63425751
384.12768105,111.22127944
384.56265911,111.68299876
384.99762586,110.93217128
385.43258130,110.68016271
385.86752540,110.68384164
386.30245813,110.52531945
386.73737949,110.59859821
387.17228945,110.85021776
387.60718799,110.55634807
388.04207509,110.45614703
388.47695074,110.70409134
388.91181492,110.30751709
389.34666760,110.33266610
389.78150877,110.67314100
390.21633841,110.47573740
390.65115650,110.73870110
391.08596302,110.81466009
391.52075795,110.32300717
391.95554127,110.38003403
392.39031297,110.55971209
392.82507302,110.01886792
393.25982140,110.35294118
393.69455810,109.84314830
394.12928310,109.55909944
394.56399638,109.40043027
394.99869791,109.80704384
395.43338769,109.70156235
395.86806568,109.64272353
396.30273188,109.80629540
396.73738625,109.95711356
397.17202880,109.92828536
397.60665948,109.23119572
398.04127829,108.42134263
398.47588521,108.15767862
398.91048022,107.60578711
399.34506329,106.23289208
399.77963441,104.99092157
400.21419356,103.14174909
400.64874072,101.57476937
401.08327588,100.24822248
401.51779900,98.12435871
401.95231008,94.95254358
402.38680910,92.47891554
402.82129603,89.31153376
403.25577086,85.93388606
403.69023356,82.35414047
404.12468412,78.43567487
404.55912252,74.20483945
404.99354874,70.12368353
405.42796276,66.02197330
405.86236457,62.05875712
406.29675414,58.55866419
406.73113145,54.80360298
407.16549648,51.30845479
407.59984922,48.13007518
408.03418965,45.13607767
408.46851774,42.26738802
408.90283349,39.73241925
409.33713686,37.32322168
409.77142784,35.12406964
410.20570642,33.11850489
410.63997256,31.27822971
411.07422626,29.69609878
411.50846749,28.07940160
411.94269624,26.69705660
412.37691248,25.39690893
412.81111621,24.22518958
413.24530738,23.17493862
413.67948600,22.23721653
414.11365204,21.37434192
414.54780547,20.49701659
414.98194629,19.76972621
415.41607447,19.07885406
415.85018999,18.45991205
416.28429284,17.82927457
416.71838299,17.27550947
417.15246043,16.76429103
417.58652514,16.30748138
418.02057709,15.89878575
418.45461627,15.56183231
418.88864266,15.25156446
419.32265625,14.90501822
419.75665700,14.56535417
420.19064491,14.32744586
420.62461995,14.06261360
421.05858210,13.78542539
421.49253135,13.57004157
421.92646768,13.36064648
422.36039106,13.12894046
422.79430148,12.94697517
423.22819892,12.77139833
423.66208336,12.58881008
424.09595478,12.45941700
424.52981316,12.27899681
424.96365849,12.15094507
425.39749074,12.02427456
425.83130989,11.89435511
426.26511593,11.77405073
426.69890883,11.66254115
427.13268858,11.55085458
427.56645516,11.41778849
428.00020855,11.33966016
428.43394873,11.23852561
428.86767568,11.14870510
429.30138939,11.05866364
429.73508982,10.97927770
430.16877697,10.88863723
430.60245081,10.82143399
431.03611133,10.70810714
431.46975851,10.62904997
431.90339232,10.52894273
432.33701276,10.46121244
432.77061979,10.37565440
433.20421340,10.30543810
433.63779357,10.20430312
434.07136029,10.12844359
434.50491352,10.09282707
434.93845327,10.00800967
435.37197949,9.93849237
435.80549219,9.88277728
436.23899132,9.83622306
436.67247689,9.78955650
437.10594887,9.74923119
437.53940723,9.68105438
437.97285197,9.64285714
438.40628306,9.59986651
438.83970048,9.54353567
439.27310421,9.50293585
439.70649424,9.45213958
440.13987054,9.39868892
440.57323310,9.34011547
441.00658189,9.28801063
441.43991690,9.22475312
441.87323811,9.16867405
442.30654551,9.13345196
442.73983906,9.08649131
443.17311875,9.05866539
443.60638457,9.02305642
444.03963649,8.97320296
444.47287449,8.94283830
444.90609856,8.90501718
445.33930868,8.87488152
445.77250482,8.82191178
446.20568697,8.79497915
446.63885511,8.76455165
447.07200922,8.72379235
447.50514928,8.69869260
447.93827527,8.65747471
448.37138718,8.63605518
448.80448497,8.60504959
449.23756865,8.57421225
449.67063818,8.52853129
450.10369354,8.48802878
450.53673472,8.45159248
450.96976170,8.41385521
451.40277446,8.38207841
451.83577298,8.32761908
452.26875725,8.29129595
452.70172723,8.25973552
453.13468291,8.24737273
453.56762428,8.21502163
454.00055132,8.20826405
454.43346400,8.19348764
454.86636230,8.16388007
455.29924622,8.13968270
455.73211572,8.10790195
456.16497079,8.08460198
456.59781142,8.05269829
457.03063757,8.02709457
457.46344923,8.00661864
457.89624639,7.97918558
458.32902903,7.96034741
458.76179711,7.93927761
459.19455064,7.91896135
459.62728958,7.89410394
460.06001392,7.86685263
460.49272363,7.84022879
460.92541871,7.80536579
461.35809913,7.77908979
461.79076486,7.75146926
462.22341591,7.72492040
462.65605223,7.70577872
463.08867382,7.68259507
463.52128065,7.64935160
463.95387271,7.62487282
464.38644998,7.60825218
464.81901243,7.57725929
465.25156005,7.56643002
465.68409283,7.54602947
466.11661073,7.51939377
466.54911374,7.49628901
466.98160185,7.47577180
467.41407503,7.45656292
467.84653327,7.43099624
468.27897654,7.41272966
468.71140483,7.39919404
469.14381811,7.38362665
469.57621637,7.35778255
470.00859960,7.34888594
470.44096776,7.33389131
470.87332084,7.31203485
471.30565882,7.29995850
471.73798169,7.28726225
472.17028942,7.27004093
472.60258200,7.25021280
473.03485940,7.23153646
473.46712160,7.21605320
473.89936860,7.21081798
474.33160036,7.20281320
474.76381687,7.18300267
475.19601811,7.17053094
475.62820407,7.15009054
476.06037471,7.13470731
476.49253003,7.11881448
476.92467000,7.11501036
477.35679461,7.10567426
477.78890383,7.09628983
478.22099765,7.07999714
478.65307605,7.06864541
479.08513900,7.07264253
479.51718650,7.07731973
479.94921851,7.06377048
480.38123503,7.05632896
480.81323602,7.03459539
481.24522149,7.03132353
481.67719139,7.02614963
482.10914572,7.02251556
482.54108446,7.01211118
482.97300758,7.00434787
483.40491507,6.98571885
483.83680691,6.96921532
484.26868308,6.96554413
484.70054356,6.95636969
485.13238833,6.94287744
485.56421738,6.93317397
485.99603067,6.93154584
486.42782820,6.92402970
486.85960995,6.91194221
487.29137589,6.90305833
487.72312601,6.88991461
488.15486029,6.88709588
488.58657870,6.87605268
489.01828124,6.86872469
489.44996788,6.86047384
489.88163860,6.86362572
490.31329338,6.85332613
490.74493220,6.84350122
491.17655505,6.83868277
491.60816190,6.83368337
492.03975274,6.82450978
492.47132755,6.80610663
492.90288631,6.79246892
493.33442899,6.78225972
493.76595559,6.77207716
494.19746607,6.76726609
494.62896043,6.75789479
495.06043864,6.75373938
495.49190069,6.74563615
495.92334655,6.73650062
496.35477620,6.73327590
496.78618963,6.72664371
497.21758682,6.72091454
497.64896774,6.70982309
498.08033239,6.70122450
498.51168074,6.69204953
498.94301276,6.68585820
499.37432845,6.66900957
499.80562778,6.65770661
500.23691074,6.64808588
500.66817730,6.63090184
501.09942745,6.61908514
501.53066116,6.61400041
501.96187842,6.60898660
502.39307921,6.60649753
502.82426351,6.60256361
503.25543130,6.59101394
503.68658256,6.58580100
504.11771727,6.57704873
504.54883542,6.56703819
504.97993698,6.56579201
505.41102193,6.55654033
505.84209026,6.55038393
506.27314195,6.55018836
506.70417698,6.54711288
507.13519532,6.54127705
507.56619696,6.53893032
507.99718189,6.53124868
508.42815007,6.52642133
508.85910150,6.51768881
509.29003615,6.51673821
509.72095401,6.50708825
510.15185505,6.50362521
510.58273926,6.49969201
511.01360661,6.49897294
511.44445709,6.49327285
511.87529069,6.48920378
512.30610737,6.48594547
512.73690712,6.48555170
513.16768992,6.48566915
513.59845576,6.48130935
514.02920461,6.47842700
514.45993645,6.47961236
514.89065127,6.47075931
515.32134905,6.46521947
515.75202976,6.46042742
516.18269339,6.45153941
516.61333992,6.44360394
517.04396933,6.44030571
517.47458160,6.43489205
517.90517671,6.43288909
518.33575465,6.42960046
518.76631539,6.42803299
519.19685891,6.42572477
519.62738520,6.41636025
520.05789424,6.41391751
520.48838600,6.41417551
520.91886048,6.40909466
521.34931764,6.40537465
521.77975747,6.39964422
522.21017995,6.39675676
522.64058507,6.38847051
523.07097279,6.38520650
523.50134312,6.38212811
523.93169601,6.38102227
524.36203147,6.37675447
524.79234945,6.37371436
525.22264996,6.36818896
525.65293297,6.36205130
526.08319845,6.35782748
526.51344640,6.35443831
526.94367678,6.35826579
527.37388959,6.35921376
527.80408480,6.35393310
528.23426240,6.35493261
528.66442236,6.35928014
529.09456467,6.35873536
529.52468930,6.36394341
529.95479624,6.36732426
530.38488547,6.36380688
530.81495697,6.36836158
531.24501072,6.36786247
531.67504671,6.36600080
532.10506490,6.37071823
532.53506529,6.37354922
532.96504785,6.37458100
533.39501257,6.37542270
533.82495942,6.37673616
534.25488839,6.37887747
534.68479946,6.38321750
535.11469261,6.38634122
535.54456782,6.38989610
535.97442507,6.39498886
536.40426434,6.40103816
536.83408561,6.40417164
537.26388887,6.40815004
537.69367409,6.40829680
538.12344125,6.41087897
538.55319035,6.41733764
538.98292135,6.41916204
539.41263423,6.42700044
539.84232899,6.42724273
540.27200560,6.42819265
540.70166404,6.43308611
541.13130429,6.44200085
541.56092633,6.44449228
541.99053015,6.44127512
542.42011572,6.44594090
542.84968303,6.44783041
543.27923205,6.45137106
543.70876277,6.46218259
544.13827517,6.46591956
544.56776923,6.47334529
544.99724493,6.48449751
545.42670225,6.49316213
545.85614117,6.49591165
546.28556168,6.50385503
546.71496375,6.51241928
547.14434736,6.51926779
547.57371250,6.52455845
548.00305915,6.52789791
548.43238728,6.53151283
548.86169688,6.53413896
549.29098794,6.53477913
549.72026042,6.53261227
550.14951431,6.53581154
550.57874960,6.53569181
551.00796626,6.54129394
551.43716427,6.55092254
551.86634362,6.55427637
552.29550429,6.55828629
552.72464625,6.56257239
553.15376949,6.57255252
553.58287399,6.57911539
554.01195973,6.58749833
554.44102669,6.59349851
554.87007485,6.60345778
555.29910419,6.61719115
555.72811470,6.62573791
556.15710635,6.63541338
556.58607912,6.64458899
557.01503300,6.64918386
557.44396797,6.65996821
557.87288401,6.66962030
558.30178110,6.67560254
558.73065921,6.68270531
559.15951834,6.69456162
559.58835846,6.70311994
560.01717955,6.71317802
560.44598160,6.72418006
560.87476458,6.73365727
561.30352847,6.74654689
561.73227326,6.76137288
562.16099893,6.77516581
562.58970546,6.78988630
563.01839282,6.81047907
563.44706101,6.82414080
563.87571000,6.84303271
564.30433977,6.85981632
564.73295030,6.87549980
565.16154157,6.89657947
565.59011358,6.92165358
566.01866628,6.94482105
566.44719967,6.96612278
566.87571373,6.99292824
567.30420844,7.01987851
567.73268378,7.04955568
568.16113973,7.07559667
568.58957627,7.10195833
569.01799338,7.13008411
569.44639105,7.16013203
569.87476924,7.19145190
570.30312796,7.22227127
570.73146717,7.24978920
571.15978685,7.27896143
571.58808700,7.31260238
572.01636758,7.34500293
572.44462858,7.38451217
572.87286998,7.42784182
573.30109177,7.46764112
573.72929391,7.51162717
574.15747640,7.56418078
574.58563922,7.61902912
575.01378234,7.67932671
575.44190574,7.74541447
575.87000941,7.81874566
576.29809333,7.89593853
576.72615748,7.98308258
577.15420184,8.07521642
577.58222639,8.17544122
578.01023111,8.28234866
578.43821598,8.39522351
578.86618099,8.51657277
579.29412611,8.65012402
579.72205133,8.79521428
580.14995662,8.94878962
580.57784197,9.11498068
581.00570736,9.29554208
581.43355276,9.49389353
581.86137817,9.71545891
582.28918356,9.95392798
582.71696890,10.21477200
583.14473420,10.50137410
583.57247941,10.81535721
584.00020453,11.16102264
584.42790954,11.53777337
584.85559441,11.94298726
585.28325913,12.38176995
585.71090368,12.85629988
586.13852803,13.37031952
586.56613218,13.92715525
586.99371610,14.52987576
587.42127977,15.17193813
587.84882317,15.86087180
588.27634629,16.59747580
588.70384910,17.38311557
589.13133159,18.21145977
589.55879373,19.08431822
589.98623551,20.00263038
590.41365691,20.95382907
590.84105791,21.94132037
591.26843849,22.95771967
591.69579863,24.00309162
592.12313831,25.05366735
592.55045752,26.10984136
592.97775623,27.17761677
593.40503442,28.25648788
593.83229208,29.33274378
594.25952919,30.40536938
594.68674573,31.48485896
595.11394167,32.55124253
595.54111700,33.62917984
595.96827171,34.68907489
596.39540576,35.75826080
596.82251915,36.81960065
597.24961185,37.87486748
597.67668385,38.92666473
598.10373512,39.97056216
598.53076564,41.00814692
598.95777541,42.02937737
599.38476439,43.02045683
599.81173257,43.98766593
600.23867993,44.91407650
600.66560645,45.82419152
601.09251211,46.68856669
601.51939690,47.50457206
601.94626078,48.28730286
602.37310376,49.02056271
602.79992580,49.69540189
603.22672688,50.32101929
603.65350699,50.90172661
604.08026611,51.43368526
604.50700422,51.92783995
604.93372130,52.38215688
605.36041733,52.81727031
605.78709229,53.21918264
606.21374616,53.58844927
606.64037893,53.91551949
607.06699057,54.21348719
607.49358107,54.48200768
607.92015040,54.71878001
608.34669856,54.93125155
608.77322551,55.10777011
609.19973124,55.27653037
609.62621572,55.40604652
610.05267896,55.51663978
610.47912091,55.59834908
610.90554156,55.66390818
611.33194090,55.71216793
611.75831891,55.74054029
612.18467556,55.76479956
612.61101083,55.78973484
613.03732472,55.80758228
613.46361719,55.83929822
613.88988823,55.86144320
614.31613782,55.88818734
614.74236595,55.92170660
615.16857258,55.92935210
615.59475771,55.94272224
616.02092131,55.96660926
616.44706337,55.98102212
616.87318386,55.99176143
617.29928278,56.00039392
617.72536008,56.00008240
618.15141577,56.00452857
618.57744982,56.00506692
619.00346220,56.00829125
619.42945291,56.01327320
619.85542192,56.03970991
620.28136922,56.06358775
620.70729478,56.11462367
621.13319858,56.17538238
621.55908061,56.26154133
621.98494085,56.36166864
622.41077927,56.47788548
622.83659587,56.61172429
623.26239061,56.76255340
623.68816348,56.92220553
624.11391447,57.09028230
624.53964355,57.26131625
624.96535070,57.43203724
625.39103591,57.59976429
625.81669915,57.76110852
626.24234041,57.91576162
626.66795966,58.05032416
627.09355689,58.17607004
627.51913209,58.28467530
627.94468522,58.37398156
628.37021627,58.47192522
628.79572523,58.56196698
629.22121207,58.63210890
629.64667677,58.70390149
630.07211931,58.76123665
630.49753969,58.81574178
630.92293786,58.86593052
631.34831383,58.89270992
631.77366756,58.91536790
632.19899905,58.93428881
632.62430826,58.95186349
633.04959519,58.94576099
633.47485980,58.94054393
633.90010209,58.91070994
634.32532203,58.87324215
634.75051961,58.80397003
635.17569481,58.72567672
635.60084760,58.61744409
636.02597797,58.49493802
636.45108589,58.36509281
636.87617136,58.22966500
637.30123435,58.07394702
637.72627483,57.91536461
638.15129281,57.76327275
638.57628824,57.60803704
639.00126112,57.46555080
639.42621142,57.34934767
639.85113913,57.22433282
640.27604422,57.12073485
640.70092669,57.03128023
641.12578650,56.95956745
641.55062364,56.90033849
641.97543809,56.84734401
642.40022983,56.82318124
642.82499885,56.80647660
643.24974512,56.79958148
643.67446862,56.80844797
644.09916934,56.81280584
644.52384726,56.84037247
644.94850235,56.86581112
645.37313460,56.88365534
645.79774399,56.91150565
646.22233050,56.93609810
646.64689411,56.96413659
647.07143480,56.99576360
647.49595255,57.03464001
647.92044735,57.08393274
648.34491917,57.14180945
648.76936800,57.20896136
649.19379381,57.28975084
649.61819659,57.36967042
650.04257632,57.45545483
650.46693298,57.55839498
650.89126655,57.66628004
651.31557701,57.77567515
651.73986434,57.89154364
652.16412852,58.00413070
652.58836954,58.10780874
653.01258737,58.23389807
653.43678200,58.34123345
653.86095340,58.46381024
654.28510156,58.58111873
654.70922646,58.67973270
655.13332808,58.78487544
655.55740640,58.86184501
655.98146140,58.94493961
656.40549307,59.03498911
656.82950137,59.10714097
657.25348630,59.19431016
657.67744784,59.26262872
658.10138596,59.32878133
658.52530064,59.40384646
658.94919188,59.46052008
659.37305964,59.52428558
659.79690391,59.58074412
660.22072468,59.62819739
660.64452191,59.66067474
661.06829560,59.68762505
661.49204572,59.69922363
661.91577225,59.70682143
662.33947518,59.68847357
662.76315449,59.65320510
663.18681015,59.60601038
663.61044215,59.54645290
664.03405047,59.47092473
664.45763509,59.37620152
664.88119598,59.27349641
665.30473314,59.16096763
665.72824655,59.02717779
666.15173617,58.89134779
666.57520200,58.75572948
666.99864402,58.60761639
667.42206220,58.47471106
667.84545653,58.35491355
668.26882699,58.25257270
668.69217355,58.17466461
669.11549621,58.11897684
669.53879494,58.07893349
669.96206971,58.07225142
670.38532052,58.07704622
670.80854735,58.11848443
671.23175017,58.17496621
671.65492896,58.25194537
672.07808371,58.34131698
672.50121440,58.43449967
672.92432101,58.53460120
673.34740351,58.62987490
673.77046190,58.71834311
674.19349615,58.79780681
674.61650623,58.86455516
675.03949215,58.90910388
675.46245386,58.93974773
675.88539136,58.95706524
676.30830463,58.95238481
676.73119364,58.93224439
677.15405838,58.88666588
677.57689882,58.82606129
677.99971496,58.74459627
678.42250677,58.63598695
678.84527423,58.52946089
679.26801732,58.40374244
679.69073602,58.26077407
680.11343032,58.10932551
680.53610019,57.94323532
680.95874562,57.78263615
681.38136658,57.59653757
681.80396307,57.41675106
682.22653505,57.23433303
682.64908251,57.04217088
683.07160543,56.85375052
683.49410379,56.67169943
683.91657758,56.48126661
684.33902677,56.31082946
684.76145134,56.14152349
685.18385128,55.99558972
685.60622656,55.86994722
686.02857717,55.76437579
686.45090309,55.67531867
686.87320430,55.60729253
687.29548077,55.55580941
687.71773250,55.51813976
688.13995946,55.50151360
688.56216163,55.50379761
688.98433899,55.51487170
689.40649153,55.54391727
689.82861923,55.57776284
690.25072206,55.62083538
690.67280001,55.66646899
691.09485305,55.71190981
691.51688118,55.77176687
691.93888436,55.81385690
692.36086259,55.85074845
692.78281583,55.87760759
693.20474408,55.88259266
693.62664732,55.86878621
694.04852552,55.81518723
694.47037866,55.75707991
694.89220673,55.65436175
695.31400971,55.50411978
695.73578757,55.33943994
696.15754031,55.13644254
696.57926789,54.90591323
697.00097031,54.65737478
697.42264753,54.38325421
697.84429955,54.10149708
698.26592635,53.80543549
698.68752790,53.50766595
699.10910418,53.20794268
699.53065518,52.92090462
699.95218088,52.64918349
700.37368126,52.40393769
700.79515630,52.18470829
701.21660597,51.99446996
701.63803027,51.82243683
702.05942917,51.68935546
702.48080265,51.57919605
702.90215070,51.50291376
703.32347329,51.45829777
703.74477041,51.44569117
704.16604204,51.46754639
704.58728815,51.49744641
705.00850873,51.55675756
705.42970376,51.64479567
705.85087322,51.74852759
706.27201710,51.87680049
706.69313536,52.02375249
707.11422800,52.18138809
707.53529499,52.33374899
707.95633632,52.51018909
708.37735196,52.69074319
708.79834190,52.87472073
709.21930612,53.06052247
709.64024460,53.24121130
710.06115731,53.40848331
710.48204425,53.56741613
710.90290539,53.71270968
711.32374071,53.84230100
711.74455020,53.94490545
712.16533383,54.02317173
712.58609158,54.09355527
713.00682344,54.14712626
713.42752939,54.18098759
713.84820941,54.18816735
714.26886347,54.18251048
714.68949157,54.17341806
715.11009368,54.15124683
715.53066977,54.12762844
715.95121984,54.08858609
716.37174387,54.04666150
716.79224183,54.01081365
717.21271370,53.97405884
717.63315947,53.94864696
718.05357912,53.92293655
718.47397263,53.89972106
718.89433997,53.90341508
719.31468114,53.91717005
719.73499610,53.95280924
720.15528485,54.01612513
720.57554736,54.10273943
720.99578362,54.21219026
721.41599360,54.35311321
721.83617729,54.52159840
722.25633466,54.71768642
722.67646570,54.93967015
723.09657039,55.19061346
723.51664871,55.45915315
723.93670063,55.73240533
724.35672615,56.01624274
724.77672524,56.31274363
725.19669789,56.62257435
725.61664407,56.91881911
726.03656376,57.19971351
726.45645695,57.45803091
726.87632362,57.71102898
727.29616374,57.94429601
727.71597730,58.14213177
728.13576429,58.31507612
728.55552467,58.45720903
728.97525843,58.58265558
729.39496556,58.67907936
729.81464603,58.73175642
730.23429983,58.74494200
730.65392692,58.73512840
731.07352731,58.71078749
731.49310096,58.64804126
731.91264786,58.56005977
732.33216799,58.43917634
732.75166133,58.30004420
733.17112786,58.14863114
733.59056756,57.99110959
734.00998042,57.81583215
734.42936640,57.64496081
734.84872550,57.45954513
735.26805770,57.26639807
735.68736298,57.08379711
736.10664131,56.90995075
736.52589267,56.74401412
736.94511706,56.59777015
737.36431445,56.46631870
737.78348482,56.36137013
738.20262815,56.28067738
738.62174442,56.23867801
739.04083362,56.23480459
739.45989572,56.25772263
739.87893071,56.30522012
740.29793856,56.38196358
740.71691926,56.48010426
741.13587279,56.60827517
741.55479913,56.75621623
741.97369826,56.90975987
742.39257016,57.09208671
742.81141481,57.28187264
743.23023219,57.49400356
743.64902229,57.69888221
744.06778508,57.89688241
744.48652055,58.10230027
744.90522868,58.29464551
745.32390944,58.50508701
745.74256282,58.68225805
746.16118880,58.86034114
746.57978736,59.00945215
746.99835849,59.14605423
747.41690215,59.25404763
747.83541834,59.34476359
748.25390703,59.42585737
748.67236821,59.47690321
749.09080185,59.50537837
749.50920794,59.51449409
749.92758646,59.50744257
750.34593739,59.48453471
750.76426070,59.43911442
751.18255639,59.37444413
751.60082443,59.29588373
752.01906480,59.20653247
752.43727748,59.10943194
752.85546246,59.00682327
753.27361971,58.89219913
753.69174922,58.81115963
754.10985097,58.71848775
754.52792493,58.64935773
754.94597109,58.59351830
755.36398944,58.53299682
755.78197994,58.51183149
756.19994258,58.49809829
756.61787735,58.52819379
757.03578422,58.59243745
757.45366318,58.67299518
757.87151420,58.79871494
758.28933727,58.95034569
758.70713236,59.13956318
759.12489946,59.33053616
759.54263856,59.56132437
759.96034962,59.81922686
760.37803263,60.09163026
760.79568758,60.38439381
761.21331443,60.67643336
761.63091318,60.97421863
762.04848381,61.28427000
762.46602629,61.58204342
762.88354061,61.87397678
763.30102674,62.15169981
763.71848468,62.41206967
764.13591439,62.64985152
764.55331586,62.86859050
764.97068908,63.04362213
765.38803401,63.19907061
765.80535065,63.32344782
766.22263898,63.42273446
766.63989896,63.46156424
767.05713060,63.47739301
767.47433386,63.43693473
767.89150873,63.37205269
768.30865518,63.27910996
768.72577321,63.14467455
769.14286278,62.99506103
769.55992389,62.81634724
769.97695651,62.61465121
770.39396062,62.40333480
770.81093621,62.15929820
771.22788325,61.89665519
771.64480173,61.63553965
772.06169163,61.35748913
772.47855292,61.09036850
772.89538559,60.82105554
773.31218962,60.54732569
773.72896499,60.28521301
774.14571169,60.05092340
774.56242968,59.81276017
774.97911896,59.60090199
775.39577950,59.42127347
775.81241129,59.25030772
776.22901431,59.11698803
776.64558853,59.01486112
777.06213394,58.94013335
777.47865052,58.88387494
777.89513825,58.87586629
778.31159710,58.90474389
778.72802708,58.96009963
779.14442814,59.04434590
779.56080028,59.15264083
779.97714347,59.30053612
780.39345769,59.47516999
780.80974294,59.66101455
781.22599918,59.86556311
781.64222640,60.08634823
782.05842457,60.30194099
782.47459369,60.53805540
782.89073373,60.76434045
783.30684467,60.98292364
783.72292649,61.19050452
784.13897918,61.40541543
784.55500271,61.60562800
784.97099707,61.82292142
785.38696224,62.01299833
785.80289819,62.18033609
786.21880491,62.35210984
786.63468238,62.50406459
787.05053057,62.63094680
787.46634949,62.77583103
787.88213909,62.88534196
788.29789936,62.97760575
788.71363029,63.06519094
789.12933186,63.12852834
789.54500404,63.15847292
789.96064681,63.16762625
790.37626017,63.14474052
790.79184408,63.09233840
791.20739853,63.00944307
791.62292351,62.93041121
792.03841898,62.81858416
792.45388494,62.69522034
792.86932136,62.52776240
793.28472822,62.37235152
793.70010551,62.20885353
794.11545321,62.03673132
794.53077129,61.89201552
794.94605974,61.74641244
795.36131853,61.59805545
795.77654766,61.44225374
796.19174710,61.31341246
796.60691683,61.21584993
797.02205683,61.11820543
797.43716709,61.02889205
797.85224758,60.95244002
798.26729829,60.89477717
798.68231919,60.85529049
799.09731027,60.81153355
799.51227150,60.77894705
799.92720288,60.75293516
800.34210438,60.73212590
800.75697597,60.71558673
801.17181765,60.70207754
801.58662939,60.70282191
802.00141118,60.68910153
802.41616299,60.68673234
802.83088480,60.71749413
803.24557660,60.73360158
803.66023837,60.77693157
804.07487008,60.82520959
804.48947173,60.86870116
804.90404329,60.92520945
805.31858473,60.99045233
805.73309605,61.07969613
806.14757722,61.16086791
806.56202823,61.22511934
806.97644905,61.30887519
807.39083966,61.35683456
807.80520005,61.42070869
808.21953020,61.46610502
808.63383009,61.53670131
809.04809970,61.58512512
809.46233901,61.61060739
809.87654799,61.62194484
810.29072665,61.65042261
810.70487494,61.65385517
811.11899286,61.63771491
811.53308038,61.58269070
811.94713749,61.53339727
812.36116416,61.47912892
812.77516039,61.39745004
813.18912614,61.30454938
813.60306140,61.18673824
814.01696615,61.06193422
814.43084037,60.92938182
814.84468405,60.79553553
815.25849716,60.64780621
815.67227968,60.45130896
816.08603160,60.28845396
816.49975289,60.08707337
816.91344354,59.87828150
817.32710353,59.67710256
817.74073284,59.45707837
818.15433144,59.24700147
818.56789933,59.01331013
818.98143648,58.76722453
819.39494287,58.54262657
819.80841849,58.31270837
820.22186330,58.11181157
820.63527731,57.89122045
821.04866048,57.68360303
821.46201280,57.46532897
821.87533424,57.29138284
822.28862480,57.13371867
822.70188444,56.97604225
823.11511316,56.81591860
823.52831093,56.70602285
823.94147773,56.61679416
824.35461354,56.57591830
824.76771835,56.54923611
825.18079213,56.55196479
825.59383487,56.58889144
826.00684655,56.64607921
826.41982715,56.76254931
826.83277664,56.89493699
827.24569502,57.03149696
827.65858225,57.18311160
828.07143833,57.34530336
828.48426323,57.54232979
828.89705694,57.72439013
829.30981943,57.89859678
829.72255068,58.06709538
830.13525068,58.22203689
830.54791941,58.37643841
830.96055685,58.50539498
831.37316298,58.61753545
831.78573777,58.69791965
832.19828122,58.75112867
832.61079330,58.76086353
833.02327400,58.73425429
833.43572328,58.71641455
833.84814115,58.66286779
834.26052757,58.58058222
834.67288252,58.44258130
835.08520599,58.28403811
835.49749796,58.11153966
835.90975842,57.91950008
836.32198733,57.68125830
836.73418468,57.43005225
837.14635046,57.15306675
837.55848463,56.87475721
837.97058720,56.55151397
838.38265813,56.22336055
838.79469740,55.91044221
839.20670500,55.56043449
839.61868091,55.21606721
840.03062511,54.88870147
840.44253757,54.56732503
840.85441829,54.26729965
841.26626724,53.97954568
841.67808440,53.72756599
842.08986976,53.52068580
842.50162329,53.33519316
842.91334498,53.16328071
843.32503480,53.04047893
843.73669274,52.95349325
844.14831877,52.90184915
844.55991289,52.91186180
844.97147506,52.95254119
845.38300528,53.04029432
845.79450352,53.16219801
846.20596976,53.29016998
846.61740399,53.45856164
847.02880618,53.65779829
847.44017631,53.86714491
847.85151437,54.11399350
848.26282034,54.38838187
848.67409420,54.64103301
849.08533592,54.93017546
849.49654550,55.20587180
849.90772291,55.48842021
850.31886813,55.77461400
850.72998114,56.08492728
851.14106193,56.35980817
851.55211047,56.60264098
851.96312674,56.84328115
852.37411074,57.09634964
852.78506243,57.30267003
853.19598180,57.47855649
853.60686882,57.62756151
854.01772349,57.75029399
854.42854578,57.83376007
854.83933568,57.88047053
855.25009315,57.93947598
855.66081819,57.94481556
856.07151078,57.92567416
856.48217089,57.88606157
856.89279850,57.83591997
857.30339361,57.74465415
857.71395618,57.62616274
858.12448620,57.50225194
858.53498366,57.35846846
858.94544852,57.20359491
859.35588078,57.02392474
859.76628041,56.84202014
860.17664740,56.67226945
860.58698172,56.45231899
860.99728335,56.21024947
861.40755229,56.02451833
861.81778850,55.80570547
862.22799197,55.59439507
862.63816268,55.39830677
863.04830061,55.17188068
863.45840574,54.95347105
863.86847805,54.73000021
864.27851753,54.48195819
864.68852415,54.27679526
865.09849790,54.01281692
865.50843876,53.75818990
865.91834670,53.52097622
866.32822171,53.30478486
866.73806377,53.09083835
867.14787286,52.85825786
867.55764895,52.61400869
867.96739205,52.33675946
868.37710211,52.12080823
868.78677913,51.86690481
869.19642308,51.61542104
869.60603395,51.35700342
870.01561171,51.08100864
870.42515635,50.81993218
870.83466785,50.55523436
871.24414619,50.29499382
871.65359135,50.05053959
872.06300331,49.79561187
872.47238206,49.54919462
872.88172756,49.34287165
873.29103981,49.16858590
873.70031878,49.03052864
874.10956446,48.88603484
874.51877683,48.77704404
874.92795586,48.69463727
875.33710155,48.62051343
875.74621386,48.56271111
876.15529278,48.51045105
876.56433830,48.52741642
876.97335038,48.59424945
877.38232902,48.63164499
877.79127419,48.71336007
878.20018588,48.85822060
878.60906407,48.99206989
879.01790873,49.11245132
879.42671984,49.24912117
879.83549740,49.41000732
880.24424138,49.60981113
880.65295176,49.81178116
881.06162852,49.98600754
881.47027164,50.17320194
881.87888110,50.36850014
882.28745689,50.54451342
882.69599898,50.74365617
883.10450736,50.92026019
883.51298201,51.08904018
883.92142291,51.21894341
884.32983003,51.33125635
884.73820337,51.42940245
885.14654289,51.51891461
885.55484859,51.54957458
885.96312043,51.56213864
886.37135842,51.55918183
886.77956251,51.49839326
887.18773271,51.39782937
887.59586898,51.28879144
888.00397130,51.13286713
888.41203966,50.96222998
888.82007405,50.78523633
889.22807443,50.57151276
889.63604079,50.30934823
890.04397312,50.04611135
890.45187139,49.78280891
890.85973558,49.46325426
891.26756568,49.19119804
891.67536166,48.93693760
892.08312351,48.65955277
892.49085121,48.37156920
892.89854473,48.07910505
893.30620407,47.82006954
893.71382919,47.54057786
894.12142009,47.29571374
894.52897673,47.03831458
894.93649911,46.82878121
895.34398721,46.61146577
895.75144100,46.43511690
896.15886046,46.26387195
896.56624558,46.12485898
896.97359634,46.01190539
897.38091272,45.94193300
897.78819470,45.87741212
898.19544225,45.83485828
898.60265537,45.81136222
899.00983403,45.80227474
899.41697822,45.84026270
899.82408791,45.90048774
900.23116308,45.94213697
900.63820372,46.07701656
901.04520981,46.19305991
901.45218132,46.28831010
901.85911824,46.40765609
902.26602056,46.58892271
902.67288824,46.76363457
903.07972127,46.91354941
903.48651964,47.06118007
903.89328332,47.19632719
904.30001230,47.32255490
904.70670655,47.41365590
905.11336605,47.54559400
905.51999079,47.64557414
905.92658076,47.71756825
906.33313592,47.83065292
906.73965626,47.92071142
907.14614176,47.99839790
907.55259240,48.02934765
907.95900816,48.05967347
908.36538903,48.08917532
908.77173498,48.11186244
909.17804600,48.15192627
909.58432207,48.15000322
909.99056316,48.12137323
910.39676926,48.11333067
910.80294035,48.08341268
911.20907641,48.04421706
911.61517742,47.98934341
912.02124336,47.95942220
912.42727422,47.89855775
912.83326996,47.82481577
913.23923059,47.69772522
913.64515607,47.61465113
914.05104638,47.54555646
914.45690152,47.44984251
914.86272145,47.32862768
915.26850616,47.20972860
915.67425563,47.08015230
916.07996984,46.94706275
916.48564877,46.77100591
916.89129241,46.57022043
917.29690073,46.40870721
917.70247372,46.20251665
918.10801135,46.00208673
918.51351361,45.77252390
918.91898047,45.54889373
919.32441193,45.29912468
919.72980795,45.03824501
920.13516853,44.77747650
920.54049363,44.50475286
920.94578325,44.21775400
921.35103736,43.94980038
921.75625595,43.66213513
922.16143899,43.34800588
922.56658647,43.04667359
922.97169836,42.72811068
923.37677465,42.46778318
923.78181532,42.19221841
924.18682035,41.88925696
924.59178972,41.57428416
924.99672341,41.25851964
925.40162141,40.98729151
925.80648369,40.73202856
926.21131023,40.43472475
926.61610102,40.16689089
927.02085603,39.90813914
927.42557525,39.61973045
927.83025866,39.36472364
928.23490624,39.13781571
928.63951796,38.92362485
929.04409382,38.72182923
929.44863379,38.55062026
929.85313785,38.39679800
930.25760599,38.26755074
930.66203818,38.15746472
931.06643441,38.05733033
931.47079465,37.96718799
931.87511889,37.88226780
932.27940711,37.86772175
932.68365929,37.89405599
933.08787540,37.89077096
933.49205544,37.90882919
933.89619938,37.92618834
934.30030721,37.94981302
934.70437889,37.99036626
935.10841442,38.04771472
935.51241378,38.14754144
935.91637694,38.23007259
936.32030390,38.31560989
936.72419462,38.40578876
937.12804908,38.47197949
937.53186728,38.59441162
937.93564919,38.70902263
938.33939480,38.79135821
938.74310407,38.93908232
939.14677700,39.06748923
939.55041357,39.16156382
939.95401375,39.28521427
940.35757752,39.38909447
940.76110488,39.48492249
941.16459579,39.52773702
941.56805025,39.61727039
941.97146822,39.70365747
942.37484969,39.75430110
942.77819465,39.83638033
943.18150307,39.85360733
943.58477494,39.86627276
943.98801022,39.82820029
944.39120892,39.88757054
944.79437100,39.82996197
945.19749645,39.75020079
945.60058525,39.71231449
946.00363738,39.62496726
946.40665282,39.59301781
946.80963155,39.50803371
947.21257356,39.45408636
947.61547881,39.38431192
948.01834730,39.24914117
948.42117901,39.12546678
948.82397391,39.01687393
949.22673199,38.85156601
949.62945323,38.75371734
950.03213761,38.58577798
950.43478511,38.34865924
950.83739570,38.16796601
951.23996938,37.98035081
951.64250613,37.76254879
952.04500591,37.64975901
952.44746872,37.47121955
952.84989454,37.32152251
953.25228334,37.20696075
953.65463511,37.14573830
954.05694983,37.06514987
954.45922747,36.96232863
954.86146803,36.90649983
955.26367148,36.79091731
955.66583780,36.72503453
956.06796697,36.76452461
956.47005898,36.71685183
956.87211380,36.58833403
957.27413142,36.54504051
957.67611181,36.53438644
958.07805496,36.57896159
958.47996085,36.64135482
958.88182946,36.56735365
959.28366077,36.58852134
959.68545476,36.60353962
960.08721142,36.62586616
960.48893071,36.67008563
960.89061263,36.70305092
961.29225716,36.71951435
961.69386427,36.83621470
962.09543395,36.84970750
962.49696617,36.97457534
962.89846092,37.17026379
963.29991819,37.30109398
963.70133794,37.40857107
964.10272017,37.53253514
964.50406485,37.55952305
964.90537196,37.66819631
965.30664148,37.70693630
965.70787340,37.77415766
966.10906770,37.83063468
966.51022435,37.89483665
966.91134334,37.92744695
967.31242465,38.01423941
967.71346826,38.10537222
968.11447415,38.14759782
968.51544230,38.15090938
968.91637270,38.29359338
969.31726532,38.38750256
969.71812014,38.50334696
970.11893715,38.53178049
970.51971632,38.62802752
970.92045764,38.77197554
971.32116109,38.93531751
971.72182665,39.12543516
972.12245430,39.29284061
972.52304402,39.41480763
972.92359579,39.45924701
973.32410959,39.60711441
973.72458541,39.78601182
974.12502322,39.95569189
974.52542301,40.15237898
974.92578475,40.35512086
975.32610843,40.56234893
975.72639403,40.61497423
976.12664153,40.79902041
976.52685091,40.96497246
976.92702215,41.15689739
977.32715523,41.39786999
977.72725014,41.73315260
978.12730685,41.96616297
978.52732534,42.25343670
978.92730560,42.44887204
979.32724760,42.79065936
979.72715134,42.96925685
980.12701678,43.17021276
980.52684391,43.50642317
980.92663271,43.73032125
981.32638316,43.95606859
981.72609525,44.36121135
982.12576895,44.59047663
982.52540424,44.99786335
982.92500111,45.19502476
983.32455953,45.43305342
983.72407949,45.65773630
984.12356097,45.82844313
984.52300394,46.14485071
984.92240840,46.53601695
985.32177431,47.06072962
985.72110167,47.27392885
986.12039045,47.57409748
986.51964064,48.02429869
986.91885220,48.46819457
987.31802514,48.82500298
987.71715942,49.19618072
988.11625502,49.76186770
988.51531193,50.32623572
988.91433014,50.87263154
989.31330961,51.29107202
989.71225033,51.78589600
990.11115229,52.23559610
990.51001546,52.81425225
990.90883982,53.44921436
991.30762535,54.19637552
991.70637204,54.93236054
992.10507987,55.61540846
992.50374881,56.29902543
992.90237886,57.00477231
993.30096998,57.66701138
993.69952216,58.65404926
994.09803538,59.44825800
994.49650962,60.42144243
994.89494487,60.89884614
995.29334110,61.97603416
995.69169830,62.80422040
996.09001644,63.65941162
996.48829550,64.68083023
996.88653548,65.59903914
997.28473634,66.52833282
997.68289807,67.31824596
998.08102066,68.59128575
998.47910407,69.94478762
998.87714829,70.92744409
999.27515331,72.13516439
999.67311910,73.22811717
1000.07104565,74.13854351
1000.46893293,75.44975468
1000.86678093,76.30197072
1001.26458963,77.44337182
1001.66235901,78.89635564
1002.06008904,80.30262984
1002.45777972,81.54323905
1002.85543101,83.02720619
1003.25304291,83.95260797
1003.65061539,85.34229916
1004.04814844,86.73767144
1004.44564203,88.36583725
1004.84309615,89.86868224
1005.24051077,91.16800249
1005.63788588,93.06519830
1006.03522146,94.00228796
1006.43251749,95.28349223
1006.82977395,96.77474548
1007.22699082,98.93151165
1007.62416809,101.13350127
1008.02130573,102.81456954
1008.41840372,104.84399888
1008.81546205,107.20885467
1009.21248069,109.37007874
1009.60945963,111.45045862
1010.00639885,113.57091060
1010.40329832,115.45223469
1010.80015804,118.34442142
1011.19697798,120.80801260
1011.59375812,123.14772204
1011.99049844,125.62529495
1012.38719893,128.55408522
1012.78385955,131.24766762
1013.18048031,134.26930441
1013.57706117,136.89979124
1013.97360212,140.76013967
1014.37010314,143.41288452
1014.76656420,145.59953603
1015.16298530,146.89445709
1015.55936641,149.14083828
1015.95570751,150.94179536
1016.35200858,152.39118753
1016.74826960,154.10052910
1017.14449056,155.96165368
1017.54067144,158.70720818
1017.93681221,160.25583482
1018.33291286,163.52576335
1018.72897337,166.24365482
1019.12499372,169.41879416
1019.52097388,172.30994151
1019.91691385,172.21354979
1020.31281360,175.27787134
